# d_f:2.5
# l:100
# g:30
# N_e:0
# l_k:1
# ideal_br:False
# 
# genomic distance $s$; contact probability $P(s)$
1.00000e+04 8.82330e-07 5.68147e-06 1.96541e-47 9.15331e-06 1.57171e-05
8.96151e+03 1.00663e-06 6.46367e-06 6.49263e-43 1.03857e-05 1.78560e-05
8.03086e+03 1.14847e-06 7.35206e-06 7.28215e-39 1.17792e-05 2.02797e-05
7.19686e+03 1.31034e-06 8.36075e-06 3.10249e-35 1.33538e-05 2.30249e-05
6.44947e+03 1.49507e-06 9.50565e-06 5.55196e-32 1.51319e-05 2.61326e-05
5.77969e+03 1.70591e-06 1.08040e-05 4.56676e-29 1.71373e-05 2.96473e-05
5.17947e+03 1.94656e-06 1.22774e-05 1.87184e-26 1.93996e-05 3.36235e-05
4.64159e+03 2.22127e-06 1.39478e-05 4.11022e-24 2.19471e-05 3.81162e-05
4.15956e+03 2.53489e-06 1.58402e-05 5.15897e-22 2.48153e-05 4.31904e-05
3.72759e+03 2.89296e-06 1.79843e-05 3.92294e-20 2.80416e-05 4.89189e-05
3.34048e+03 3.30185e-06 2.04117e-05 1.90387e-18 3.16645e-05 5.53781e-05
2.99358e+03 3.76883e-06 2.31583e-05 6.17901e-17 3.57326e-05 6.26598e-05
2.68270e+03 4.30226e-06 2.62645e-05 1.39841e-15 4.02930e-05 7.08598e-05
2.40410e+03 4.91170e-06 2.97751e-05 2.29126e-14 4.53991e-05 8.00859e-05
2.15443e+03 5.60815e-06 3.37401e-05 2.81089e-13 5.11087e-05 9.04570e-05
1.93070e+03 6.40425e-06 3.82152e-05 2.66094e-12 5.74843e-05 1.02104e-04
1.73020e+03 7.31456e-06 4.32619e-05 1.99701e-11 6.45939e-05 1.15170e-04
1.55052e+03 8.35588e-06 4.89486e-05 1.21733e-10 7.25095e-05 1.29814e-04
1.38950e+03 9.54762e-06 5.53504e-05 6.15954e-10 8.12997e-05 1.46198e-04
1.24520e+03 1.09123e-05 6.25497e-05 2.63793e-09 9.10569e-05 1.64522e-04
1.11588e+03 1.24761e-05 7.06363e-05 9.73066e-09 1.01856e-04 1.84978e-04
1.00000e+03 1.42693e-05 7.97071e-05 3.14045e-08 1.13775e-04 2.07783e-04
8.96151e+02 1.63272e-05 8.98564e-05 8.99327e-08 1.26882e-04 2.33155e-04
8.03086e+02 1.86900e-05 1.01208e-04 2.31420e-07 1.41224e-04 2.61353e-04
7.19686e+02 2.14019e-05 1.13876e-04 5.41206e-07 1.56813e-04 2.92632e-04
6.44947e+02 2.45111e-05 1.27941e-04 1.16203e-06 1.73609e-04 3.27223e-04
5.77969e+02 2.80666e-05 1.43509e-04 2.31170e-06 1.91500e-04 3.65387e-04
5.17947e+02 3.21147e-05 1.60657e-04 4.29606e-06 2.10291e-04 4.07359e-04
4.64159e+02 3.66952e-05 1.79437e-04 7.51338e-06 2.29705e-04 4.53351e-04
4.15956e+02 4.18369e-05 1.99868e-04 1.24482e-05 2.49383e-04 5.03536e-04
3.72759e+02 4.75531e-05 2.21936e-04 1.96550e-05 2.68906e-04 5.58051e-04
3.34048e+02 5.38388e-05 2.45590e-04 2.97347e-05 2.87822e-04 6.16985e-04
2.99358e+02 6.06696e-05 2.70781e-04 4.33086e-05 3.05672e-04 6.80431e-04
2.68270e+02 6.80015e-05 2.97352e-04 6.10598e-05 3.22028e-04 7.48441e-04
2.40410e+02 7.57732e-05 3.25189e-04 8.34755e-05 3.36512e-04 8.20950e-04
2.15443e+02 8.39105e-05 3.54170e-04 1.11162e-04 3.48820e-04 8.98063e-04
1.93070e+02 9.23317e-05 3.84185e-04 1.44667e-04 3.58711e-04 9.79894e-04
1.73020e+02 1.00956e-04 4.15111e-04 1.84512e-04 3.66086e-04 1.06667e-03
1.55052e+02 1.09712e-04 4.46947e-04 2.31223e-04 3.70872e-04 1.15875e-03
1.38950e+02 1.18552e-04 4.79632e-04 2.85354e-04 3.73082e-04 1.25662e-03
1.24520e+02 1.27466e-04 5.13168e-04 3.47510e-04 3.72795e-04 1.36094e-03
1.11588e+02 1.36497e-04 5.47584e-04 4.18385e-04 3.70139e-04 1.47260e-03
1.00000e+02 1.45758e-04 5.82938e-04 4.98786e-04 3.65285e-04 1.59277e-03
8.96151e+01 1.55453e-04 6.19999e-04 5.89671e-04 3.58445e-04 1.72357e-03
8.03086e+01 1.65888e-04 6.57743e-04 6.92169e-04 3.49803e-04 1.86560e-03
7.19686e+01 1.77488e-04 6.96042e-04 8.08028e-04 3.39604e-04 2.02116e-03
6.44947e+01 1.90803e-04 7.35561e-04 9.38364e-04 3.28088e-04 2.19282e-03
5.77969e+01 2.06518e-04 7.75747e-04 1.08470e-03 3.15487e-04 2.38245e-03
5.17947e+01 2.25456e-04 8.16903e-04 1.24954e-03 3.02053e-04 2.59396e-03
4.64159e+01 2.48583e-04 8.58648e-04 1.43531e-03 2.88002e-04 2.83055e-03
4.15956e+01 2.77007e-04 9.00987e-04 1.64531e-03 2.73549e-04 3.09685e-03
3.72759e+01 3.11982e-04 9.43942e-04 1.88229e-03 2.58888e-04 3.39710e-03
3.34048e+01 3.54920e-04 9.87037e-04 2.15045e-03 2.44189e-04 3.73660e-03
2.99358e+01 4.07391e-04 1.03031e-03 2.45399e-03 2.29597e-04 4.12128e-03
2.68270e+01 4.71144e-04 1.07362e-03 2.79802e-03 2.15245e-04 4.55803e-03
2.40410e+01 5.48122e-04 1.11688e-03 3.18819e-03 2.01250e-04 5.05444e-03
2.15443e+01 6.40490e-04 1.15999e-03 3.63105e-03 1.87726e-04 5.61925e-03
1.93070e+01 7.50660e-04 1.20288e-03 4.13408e-03 1.74760e-04 6.26238e-03
1.73020e+01 8.81334e-04 1.24551e-03 4.70578e-03 1.62415e-04 6.99504e-03
1.55052e+01 1.03554e-03 1.28783e-03 5.35582e-03 1.50710e-04 7.82991e-03
1.38950e+01 1.21670e-03 1.32986e-03 6.09537e-03 1.39631e-04 8.78156e-03
1.24520e+01 1.42865e-03 1.37163e-03 6.94110e-03 1.29139e-04 9.87052e-03
1.11588e+01 1.67576e-03 1.41313e-03 7.89483e-03 1.19196e-04 1.11029e-02
1.00000e+01 1.96297e-03 1.45442e-03 8.98565e-03 1.09784e-04 1.25128e-02
