# d_f:2.7
# l:100
# g:100
# phi:0.3
# l_k:3.5
# ideal_br:True
# N_e:165
# genomic distance $s$; contact probability $P(s)$
1.00000e+04 7.31247e-08 1.44370e-07 5.49327e-49 7.12675e-08 2.88763e-07
8.96151e+03 8.26050e-08 1.62967e-07 1.84111e-44 8.03903e-08 3.25963e-07
8.03086e+03 9.33152e-08 1.83958e-07 2.09338e-40 9.06782e-08 3.67951e-07
7.19686e+03 1.05415e-07 2.07651e-07 9.03434e-37 1.02280e-07 4.15346e-07
6.44947e+03 1.19085e-07 2.34394e-07 1.63651e-33 1.15365e-07 4.68844e-07
5.77969e+03 1.34530e-07 2.64578e-07 1.36168e-30 1.30122e-07 5.29229e-07
5.17947e+03 1.51980e-07 2.98661e-07 5.64225e-28 1.46772e-07 5.97413e-07
4.64159e+03 1.71697e-07 3.37138e-07 1.25169e-25 1.65557e-07 6.74392e-07
4.15956e+03 1.93975e-07 3.80587e-07 1.58634e-23 1.86757e-07 7.61320e-07
3.72759e+03 2.19152e-07 4.29661e-07 1.21732e-21 2.10692e-07 8.59505e-07
3.34048e+03 2.47609e-07 4.85107e-07 5.95875e-20 2.37726e-07 9.70442e-07
2.99358e+03 2.79783e-07 5.47791e-07 1.94958e-18 2.68298e-07 1.09587e-06
2.68270e+03 3.16182e-07 6.18720e-07 4.44575e-17 3.02908e-07 1.23781e-06
2.40410e+03 3.57396e-07 6.99086e-07 7.33610e-16 3.42168e-07 1.39865e-06
2.15443e+03 4.04123e-07 7.90319e-07 9.05968e-15 3.86812e-07 1.58125e-06
1.93070e+03 4.57198e-07 8.94152e-07 8.62948e-14 4.37756e-07 1.78911e-06
1.73020e+03 5.17624e-07 1.01271e-06 6.51360e-13 4.96140e-07 2.02647e-06
1.55052e+03 5.86623e-07 1.14861e-06 3.99162e-12 5.63391e-07 2.29862e-06
1.38950e+03 6.65690e-07 1.30511e-06 2.02959e-11 6.41306e-07 2.61213e-06
1.24520e+03 7.56668e-07 1.48629e-06 8.73097e-11 7.32131e-07 2.97517e-06
1.11588e+03 8.61844e-07 1.69722e-06 3.23374e-10 8.38642e-07 3.39803e-06
1.00000e+03 9.84066e-07 1.94429e-06 1.04748e-09 9.64179e-07 3.89358e-06
8.96151e+02 1.12688e-06 2.23543e-06 3.00951e-09 1.11259e-06 4.47791e-06
8.03086e+02 1.29495e-06 2.58042e-06 7.76678e-09 1.28800e-06 5.17113e-06
7.19686e+02 1.49336e-06 2.99105e-06 1.82098e-08 1.49444e-06 5.99706e-06
6.44947e+02 1.72875e-06 3.48110e-06 3.91843e-08 1.73523e-06 6.98426e-06
5.77969e+02 2.00887e-06 4.06599e-06 7.80973e-08 2.01231e-06 8.16526e-06
5.17947e+02 2.34038e-06 4.76219e-06 1.45361e-07 2.32553e-06 9.57346e-06
4.64159e+02 2.73136e-06 5.58626e-06 2.54546e-07 2.67217e-06 1.12443e-05
4.15956e+02 3.18881e-06 6.55371e-06 4.22164e-07 3.04673e-06 1.32114e-05
3.72759e+02 3.71846e-06 7.67770e-06 6.67112e-07 3.44106e-06 1.55043e-05
3.34048e+02 4.32436e-06 8.96825e-06 1.00988e-06 3.84490e-06 1.81474e-05
2.99358e+02 5.00876e-06 1.04311e-05 1.47168e-06 4.24664e-06 2.11581e-05
2.68270e+02 5.77229e-06 1.20673e-05 2.07370e-06 4.63424e-06 2.45475e-05
2.40410e+02 6.61466e-06 1.38735e-05 2.83658e-06 4.99613e-06 2.83209e-05
2.15443e+02 7.53562e-06 1.58419e-05 3.78030e-06 5.32156e-06 3.24793e-05
1.93070e+02 8.53626e-06 1.79609e-05 4.92440e-06 5.60322e-06 3.70248e-05
1.73020e+02 9.62050e-06 2.02162e-05 6.28865e-06 5.83458e-06 4.19599e-05
1.55052e+02 1.07966e-05 2.25971e-05 7.89397e-06 6.01201e-06 4.72997e-05
1.38950e+02 1.20787e-05 2.50757e-05 9.76366e-06 6.13425e-06 5.30523e-05
1.24520e+02 1.34881e-05 2.76400e-05 1.19585e-05 6.20214e-06 5.92888e-05
1.11588e+02 1.50551e-05 3.02736e-05 1.44458e-05 6.21834e-06 6.59928e-05
1.00000e+02 1.68197e-05 3.29623e-05 1.72963e-05 6.18691e-06 7.32652e-05
8.96151e+01 1.88332e-05 3.56928e-05 2.05581e-05 6.11325e-06 8.11974e-05
8.03086e+01 2.11595e-05 3.84556e-05 2.42899e-05 6.00206e-06 8.99071e-05
7.19686e+01 2.38767e-05 4.12435e-05 2.85635e-05 5.85954e-06 9.95432e-05
6.44947e+01 2.70785e-05 4.40522e-05 3.34654e-05 5.69144e-06 1.10288e-04
5.77969e+01 3.08766e-05 4.68801e-05 3.90999e-05 5.50324e-06 1.22360e-04
5.17947e+01 3.54030e-05 4.97284e-05 4.55913e-05 5.30004e-06 1.36023e-04
4.64159e+01 4.08136e-05 5.26010e-05 5.30906e-05 5.08652e-06 1.51592e-04
4.15956e+01 4.72911e-05 5.55040e-05 6.17741e-05 4.86670e-06 1.69436e-04
3.72759e+01 5.50502e-05 5.86633e-05 7.18524e-05 4.64400e-06 1.90210e-04
3.34048e+01 6.43430e-05 6.18002e-05 8.34273e-05 4.42121e-06 2.13992e-04
2.99358e+01 7.54652e-05 6.48383e-05 9.72227e-05 4.20056e-06 2.41727e-04
2.68270e+01 8.87641e-05 6.78023e-05 1.13153e-04 3.98393e-06 2.73703e-04
2.40410e+01 1.04648e-04 7.13112e-05 1.31863e-04 3.77296e-06 3.11595e-04
2.15443e+01 1.23597e-04 7.44314e-05 1.53659e-04 3.56906e-06 3.55256e-04
1.93070e+01 1.46175e-04 7.79294e-05 1.79263e-04 3.37352e-06 4.06740e-04
1.73020e+01 1.73047e-04 8.16819e-05 2.09147e-04 3.18702e-06 4.67063e-04
1.55052e+01 2.04995e-04 8.53441e-05 2.44292e-04 3.00967e-06 5.37642e-04
1.38950e+01 2.42942e-04 8.90711e-05 2.85680e-04 2.84091e-06 6.20534e-04
1.24520e+01 2.87974e-04 9.31778e-05 3.34628e-04 2.67976e-06 7.18460e-04
1.11588e+01 3.41370e-04 9.73822e-05 3.91096e-04 2.52527e-06 8.32373e-04
1.00000e+01 4.04640e-04 1.01805e-04 4.58063e-04 2.37692e-06 9.66884e-04
