# d_f:2.7
# l:50
# g:100
# phi:0.3
# l_k:3.5
# ideal_br:True
# N_e:120
# genomic distance $s$; contact probability $P(s)$
1.00000e+04 1.06837e-07 1.06463e-07 2.84075e-92 2.65230e-08 2.39823e-07
8.96151e+03 1.20682e-07 1.20130e-07 3.16367e-83 2.98960e-08 2.70708e-07
8.03086e+03 1.36322e-07 1.35608e-07 4.05211e-75 3.37255e-08 3.05655e-07
7.19686e+03 1.53989e-07 1.53116e-07 7.47358e-68 3.80635e-08 3.45168e-07
6.44947e+03 1.73946e-07 1.72906e-07 2.42770e-61 4.29700e-08 3.89822e-07
5.77969e+03 1.96490e-07 1.95266e-07 1.66356e-55 4.85146e-08 4.40270e-07
5.17947e+03 2.21957e-07 2.20525e-07 2.82661e-50 5.47784e-08 4.97260e-07
4.64159e+03 2.50726e-07 2.49058e-07 1.37655e-45 6.18539e-08 5.61637e-07
4.15956e+03 2.83226e-07 2.81291e-07 2.18766e-41 6.98474e-08 6.34364e-07
3.72759e+03 3.19940e-07 3.17708e-07 1.27451e-37 7.88793e-08 7.16527e-07
3.34048e+03 3.61417e-07 3.58856e-07 3.02100e-34 8.90870e-08 8.09359e-07
2.99358e+03 4.08273e-07 4.05350e-07 3.19859e-31 1.00625e-07 9.14248e-07
2.68270e+03 4.61209e-07 4.57911e-07 1.64483e-28 1.13675e-07 1.03280e-06
2.40410e+03 5.21015e-07 5.17328e-07 4.42804e-26 1.28438e-07 1.16678e-06
2.15443e+03 5.88586e-07 5.84516e-07 6.67458e-24 1.45147e-07 1.31825e-06
1.93070e+03 6.64935e-07 6.60519e-07 5.98303e-22 1.64072e-07 1.48953e-06
1.73020e+03 7.51219e-07 7.46537e-07 3.36629e-20 1.85522e-07 1.68328e-06
1.55052e+03 8.48759e-07 8.43957e-07 1.24776e-18 2.09870e-07 1.90259e-06
1.38950e+03 9.59081e-07 9.54415e-07 3.18198e-17 2.37553e-07 2.15105e-06
1.24520e+03 1.08396e-06 1.07984e-06 5.80403e-16 2.69096e-07 2.43290e-06
1.11588e+03 1.22550e-06 1.22257e-06 7.84086e-15 3.05153e-07 2.75322e-06
1.00000e+03 1.38619e-06 1.38543e-06 8.09402e-14 3.46539e-07 3.11816e-06
8.96151e+02 1.56902e-06 1.57193e-06 6.56588e-13 3.94286e-07 3.53524e-06
8.03086e+02 1.77761e-06 1.78643e-06 4.29192e-12 4.49718e-07 4.01376e-06
7.19686e+02 2.01635e-06 2.03438e-06 2.31215e-11 5.14545e-07 4.56529e-06
6.44947e+02 2.29059e-06 2.32271e-06 1.04750e-10 5.90987e-07 5.20440e-06
5.77969e+02 2.60692e-06 2.66026e-06 4.06376e-10 6.81923e-07 5.94951e-06
5.17947e+02 2.97341e-06 3.05839e-06 1.37211e-09 7.91011e-07 6.82419e-06
4.64159e+02 3.40003e-06 3.53180e-06 4.09135e-09 9.22760e-07 7.85868e-06
4.15956e+02 3.89934e-06 4.09931e-06 1.09154e-08 1.08237e-06 9.09194e-06
3.72759e+02 4.48576e-06 4.78471e-06 2.63635e-08 1.27541e-06 1.05722e-05
3.34048e+02 5.17738e-06 5.61716e-06 5.82558e-08 1.50708e-06 1.23599e-05
2.99358e+02 5.99442e-06 6.63102e-06 1.18894e-07 1.78133e-06 1.45257e-05
2.68270e+02 6.95764e-06 7.86482e-06 2.26027e-07 2.09983e-06 1.71483e-05
2.40410e+02 8.08995e-06 9.35923e-06 4.03339e-07 2.46108e-06 2.03136e-05
2.15443e+02 9.41340e-06 1.11543e-05 6.80265e-07 2.85994e-06 2.41079e-05
1.93070e+02 1.09486e-05 1.32859e-05 1.09114e-06 3.28725e-06 2.86129e-05
1.73020e+02 1.27142e-05 1.57827e-05 1.67382e-06 3.73162e-06 3.39024e-05
1.55052e+02 1.47274e-05 1.86633e-05 2.46802e-06 4.17865e-06 4.00374e-05
1.38950e+02 1.70047e-05 2.19379e-05 3.51386e-06 4.61333e-06 4.70698e-05
1.24520e+02 1.95646e-05 2.55925e-05 4.85063e-06 5.02106e-06 5.50287e-05
1.11588e+02 2.24300e-05 2.96110e-05 6.54788e-06 5.38886e-06 6.39777e-05
1.00000e+02 2.56320e-05 3.39631e-05 8.58570e-06 5.70621e-06 7.38870e-05
8.96151e+01 2.92136e-05 3.86100e-05 1.10267e-05 5.96564e-06 8.48159e-05
8.03086e+01 3.32334e-05 4.35071e-05 1.39088e-05 6.16284e-06 9.68121e-05
7.19686e+01 3.77697e-05 4.86072e-05 1.72747e-05 6.29653e-06 1.09948e-04
6.44947e+01 4.29243e-05 5.38634e-05 2.11724e-05 6.36812e-06 1.24328e-04
5.77969e+01 4.88262e-05 5.92318e-05 2.56593e-05 6.38121e-06 1.40098e-04
5.17947e+01 5.56357e-05 6.46733e-05 3.08052e-05 6.34105e-06 1.57455e-04
4.64159e+01 6.35486e-05 7.01555e-05 3.66952e-05 6.25432e-06 1.76654e-04
4.15956e+01 7.28014e-05 7.56521e-05 4.34336e-05 6.12707e-06 1.98014e-04
3.72759e+01 8.36767e-05 8.15465e-05 5.11471e-05 5.96659e-06 2.22337e-04
3.34048e+01 9.65099e-05 8.73257e-05 5.99895e-05 5.77965e-06 2.49605e-04
2.99358e+01 1.11698e-04 9.30074e-05 7.03546e-05 5.57265e-06 2.80632e-04
2.68270e+01 1.29708e-04 9.84640e-05 8.20464e-05 5.35063e-06 3.15569e-04
2.40410e+01 1.51090e-04 1.04418e-04 9.57978e-05 5.12029e-06 3.56426e-04
2.15443e+01 1.76491e-04 1.09868e-04 1.11410e-04 4.88460e-06 4.02654e-04
1.93070e+01 2.06671e-04 1.15340e-04 1.29587e-04 4.64763e-06 4.56246e-04
1.73020e+01 2.42525e-04 1.20857e-04 1.50624e-04 4.41229e-06 5.18419e-04
1.55052e+01 2.85104e-04 1.26444e-04 1.75290e-04 4.18081e-06 5.91019e-04
1.38950e+01 3.35644e-04 1.32130e-04 2.03035e-04 3.95498e-06 6.74764e-04
1.24520e+01 3.95601e-04 1.37947e-04 2.37328e-04 3.74371e-06 7.74619e-04
1.11588e+01 4.66688e-04 1.43921e-04 2.76282e-04 3.52595e-06 8.90417e-04
1.00000e+01 5.50922e-04 1.50088e-04 3.22015e-04 3.32512e-06 1.02635e-03
