# d_f:2.7
# l:200
# g:200
# phi:0.2
# l_k:3.5
# ideal_br:True
# N_e:375
# genomic distance $s$; contact probability $P(s)$
1.00000e+04 5.31729e-08 1.04599e-07 1.20962e-27 5.14553e-08 2.09227e-07
8.96151e+03 6.00718e-08 1.18089e-07 2.22620e-25 5.80545e-08 2.36215e-07
8.03086e+03 6.78680e-08 1.33328e-07 2.38648e-23 6.55066e-08 2.66702e-07
7.19686e+03 7.66803e-08 1.50548e-07 1.57621e-21 7.39268e-08 3.01155e-07
6.44947e+03 8.66447e-08 1.70019e-07 6.74503e-20 8.34481e-08 3.40112e-07
5.77969e+03 9.79192e-08 1.92057e-07 1.95639e-18 9.42325e-08 3.84209e-07
5.17947e+03 1.10688e-07 2.17036e-07 4.00481e-17 1.06470e-07 4.34194e-07
4.64159e+03 1.25171e-07 2.45404e-07 5.99930e-16 1.20391e-07 4.90966e-07
4.15956e+03 1.41628e-07 2.77705e-07 6.79384e-15 1.36283e-07 5.55616e-07
3.72759e+03 1.60375e-07 3.14604e-07 5.98785e-14 1.54502e-07 6.29481e-07
3.34048e+03 1.81794e-07 3.56920e-07 4.21603e-13 1.75491e-07 7.14206e-07
2.99358e+03 2.06352e-07 4.05668e-07 2.42760e-12 1.99808e-07 8.11830e-07
2.68270e+03 2.34619e-07 4.62104e-07 1.16736e-11 2.28149e-07 9.24884e-07
2.40410e+03 2.67301e-07 5.27795e-07 4.77705e-11 2.61382e-07 1.05653e-06
2.15443e+03 3.05270e-07 6.04698e-07 1.69190e-10 3.00563e-07 1.21070e-06
1.93070e+03 3.49614e-07 6.95252e-07 5.26534e-10 3.46950e-07 1.39234e-06
1.73020e+03 4.01684e-07 8.02483e-07 1.45954e-09 4.01955e-07 1.60758e-06
1.55052e+03 4.63256e-07 9.30089e-07 3.64791e-09 4.67056e-07 1.86405e-06
1.38950e+03 5.36215e-07 1.08248e-06 8.31125e-09 5.43629e-07 2.17063e-06
1.24520e+03 6.22953e-07 1.26474e-06 1.74323e-08 6.32722e-07 2.53785e-06
1.11588e+03 7.26066e-07 1.48249e-06 3.39587e-08 7.34808e-07 2.97732e-06
1.00000e+03 8.48501e-07 1.74159e-06 6.19309e-08 8.49559e-07 3.50158e-06
8.96151e+02 9.93476e-07 2.04784e-06 1.06496e-07 9.75696e-07 4.12351e-06
8.03086e+02 1.16206e-06 2.40650e-06 1.73789e-07 1.11095e-06 4.85330e-06
7.19686e+02 1.35669e-06 2.82190e-06 2.70706e-07 1.25218e-06 5.70148e-06
6.44947e+02 1.57859e-06 3.29711e-06 4.04606e-07 1.39556e-06 6.67587e-06
5.77969e+02 1.82836e-06 3.83364e-06 5.83012e-07 1.53689e-06 7.78190e-06
5.17947e+02 2.10606e-06 4.43137e-06 8.13365e-07 1.67192e-06 9.02272e-06
4.64159e+02 2.41156e-06 5.08856e-06 1.10289e-06 1.79667e-06 1.03997e-05
4.15956e+02 2.74483e-06 5.80199e-06 1.45858e-06 1.90752e-06 1.19129e-05
3.72759e+02 3.10649e-06 6.56723e-06 1.88734e-06 2.00215e-06 1.35632e-05
3.34048e+02 3.49834e-06 7.37895e-06 2.39625e-06 2.07849e-06 1.53520e-05
2.99358e+02 3.92387e-06 8.23126e-06 2.99292e-06 2.13553e-06 1.72836e-05
2.68270e+02 4.38881e-06 9.11804e-06 3.68598e-06 2.17306e-06 1.93659e-05
2.40410e+02 4.90163e-06 1.00333e-05 4.48552e-06 2.19160e-06 2.16120e-05
2.15443e+02 5.47405e-06 1.09714e-05 5.40376e-06 2.19225e-06 2.40415e-05
1.93070e+02 6.12142e-06 1.19277e-05 6.45556e-06 2.17671e-06 2.66814e-05
1.73020e+02 6.86324e-06 1.28976e-05 7.65914e-06 2.14654e-06 2.95665e-05
1.55052e+02 7.72362e-06 1.38781e-05 9.03667e-06 2.10385e-06 3.27422e-05
1.38950e+02 8.73184e-06 1.48669e-05 1.06151e-05 2.05072e-06 3.62646e-05
1.24520e+02 9.92300e-06 1.58665e-05 1.24269e-05 1.98914e-06 4.02055e-05
1.11588e+02 1.13388e-05 1.68690e-05 1.45109e-05 1.92088e-06 4.46396e-05
1.00000e+02 1.30284e-05 1.78796e-05 1.69145e-05 1.84810e-06 4.96706e-05
8.96151e+01 1.50499e-05 1.88994e-05 1.97073e-05 1.77199e-06 5.54287e-05
8.03086e+01 1.74713e-05 1.99308e-05 2.29289e-05 1.69404e-06 6.20251e-05
7.19686e+01 2.03726e-05 2.09768e-05 2.66129e-05 1.61538e-06 6.95776e-05
6.44947e+01 2.38474e-05 2.20405e-05 3.09716e-05 1.53694e-06 7.83965e-05
5.77969e+01 2.80060e-05 2.31259e-05 3.60563e-05 1.45946e-06 8.86476e-05
5.17947e+01 3.29777e-05 2.42375e-05 4.20096e-05 1.38564e-06 1.00610e-04
4.64159e+01 3.89144e-05 2.53794e-05 4.89275e-05 1.30984e-06 1.14531e-04
4.15956e+01 4.59949e-05 2.65591e-05 5.70300e-05 1.23876e-06 1.30823e-04
3.72759e+01 5.44296e-05 2.77829e-05 6.65435e-05 1.17071e-06 1.49927e-04
3.34048e+01 6.44661e-05 2.90577e-05 7.77004e-05 1.10589e-06 1.72330e-04
2.99358e+01 7.63960e-05 3.03776e-05 9.08088e-05 1.04425e-06 1.98627e-04
2.68270e+01 9.05628e-05 3.17583e-05 1.06207e-04 9.85537e-07 2.29513e-04
2.40410e+01 1.07371e-04 3.32062e-05 1.24281e-04 9.29395e-07 2.65788e-04
2.15443e+01 1.27299e-04 3.47247e-05 1.45450e-04 8.75515e-07 3.08349e-04
1.93070e+01 1.50907e-04 3.63206e-05 1.70345e-04 8.23798e-07 3.58397e-04
1.73020e+01 1.78860e-04 3.80007e-05 1.99631e-04 7.74432e-07 4.17266e-04
1.55052e+01 2.11938e-04 3.97716e-05 2.34107e-04 7.27854e-07 4.86545e-04
1.38950e+01 2.51064e-04 4.16853e-05 2.74736e-04 6.84591e-07 5.68170e-04
1.24520e+01 2.97322e-04 4.36871e-05 3.23192e-04 6.45105e-07 6.64846e-04
1.11588e+01 3.51993e-04 4.57692e-05 3.79021e-04 6.09571e-07 7.77393e-04
1.00000e+01 4.16588e-04 4.79904e-05 4.45430e-04 5.77802e-07 9.10586e-04
