# d_f:2.7
# l:50
# g:200
# phi:0.2
# l_k:3.5
# ideal_br:True
# N_e:207
# genomic distance $s$; contact probability $P(s)$
1.00000e+04 1.01621e-07 5.07633e-08 1.70445e-92 6.33955e-09 1.58724e-07
8.96151e+03 1.14789e-07 5.72915e-08 1.89820e-83 7.14865e-09 1.79230e-07
8.03086e+03 1.29664e-07 6.46871e-08 2.43127e-75 8.06794e-09 2.02419e-07
7.19686e+03 1.46466e-07 7.30562e-08 4.48415e-68 9.11015e-09 2.28632e-07
6.44947e+03 1.65446e-07 8.25201e-08 1.45662e-61 1.02900e-08 2.58256e-07
5.77969e+03 1.86886e-07 9.32179e-08 9.98134e-56 1.16245e-08 2.91728e-07
5.17947e+03 2.11104e-07 1.05309e-07 1.69597e-50 1.31336e-08 3.29547e-07
4.64159e+03 2.38462e-07 1.18974e-07 8.25927e-46 1.48402e-08 3.72277e-07
4.15956e+03 2.69367e-07 1.34421e-07 1.31259e-41 1.67706e-08 4.20558e-07
3.72759e+03 3.04277e-07 1.51883e-07 7.64708e-38 1.89546e-08 4.75115e-07
3.34048e+03 3.43714e-07 1.71628e-07 1.81260e-34 2.14264e-08 5.36769e-07
2.99358e+03 3.88266e-07 1.93957e-07 1.91916e-31 2.42249e-08 6.06448e-07
2.68270e+03 4.38598e-07 2.19221e-07 9.86898e-29 2.73959e-08 6.85216e-07
2.40410e+03 4.95469e-07 2.47812e-07 2.65682e-26 3.09906e-08 7.74272e-07
2.15443e+03 5.59741e-07 2.80189e-07 4.00475e-24 3.50698e-08 8.75000e-07
1.93070e+03 6.32410e-07 3.16884e-07 3.58982e-22 3.97049e-08 9.88999e-07
1.73020e+03 7.14630e-07 3.58525e-07 2.01978e-20 4.49809e-08 1.11814e-06
1.55052e+03 8.07753e-07 4.05859e-07 7.48658e-19 5.10026e-08 1.26462e-06
1.38950e+03 9.13381e-07 4.59789e-07 1.90919e-17 5.78965e-08 1.43107e-06
1.24520e+03 1.03342e-06 5.21412e-07 3.48242e-16 6.58208e-08 1.62065e-06
1.11588e+03 1.17016e-06 5.92072e-07 4.70452e-15 7.49743e-08 1.83720e-06
1.00000e+03 1.32633e-06 6.73428e-07 4.85641e-14 8.56086e-08 2.08537e-06
8.96151e+02 1.50525e-06 7.67532e-07 3.93953e-13 9.80448e-08 2.37083e-06
8.03086e+02 1.71087e-06 8.76938e-07 2.57515e-12 1.12698e-07 2.70051e-06
7.19686e+02 1.94796e-06 1.00485e-06 1.38729e-11 1.30111e-07 3.08293e-06
6.44947e+02 2.22225e-06 1.15534e-06 6.28501e-11 1.51001e-07 3.52865e-06
5.77969e+02 2.54066e-06 1.33364e-06 2.43825e-10 1.76322e-07 4.05086e-06
5.17947e+02 2.91155e-06 1.54659e-06 8.23266e-10 2.07324e-07 4.66628e-06
4.64159e+02 3.34505e-06 1.80318e-06 2.45481e-09 2.45592e-07 5.39627e-06
4.15956e+02 3.85356e-06 2.11584e-06 6.54922e-09 2.93021e-07 6.26897e-06
3.72759e+02 4.45143e-06 2.49947e-06 1.58181e-08 3.51685e-07 7.31840e-06
3.34048e+02 5.15580e-06 2.97386e-06 3.49535e-08 4.23585e-07 8.58820e-06
2.99358e+02 5.98721e-06 3.56257e-06 7.13363e-08 5.10291e-07 1.01314e-05
2.68270e+02 6.96577e-06 4.29247e-06 1.35616e-07 6.12547e-07 1.20064e-05
2.40410e+02 8.11524e-06 5.19226e-06 2.42003e-07 7.29924e-07 1.42794e-05
2.15443e+02 9.45992e-06 6.29025e-06 4.08159e-07 8.60627e-07 1.70190e-05
1.93070e+02 1.10250e-05 7.61180e-06 6.54685e-07 1.00150e-06 2.02930e-05
1.73020e+02 1.28368e-05 9.17672e-06 1.00429e-06 1.14824e-06 2.41661e-05
1.55052e+02 1.49236e-05 1.09971e-05 1.48081e-06 1.29582e-06 2.86973e-05
1.38950e+02 1.73173e-05 1.30757e-05 2.10831e-06 1.43893e-06 3.39402e-05
1.24520e+02 2.00551e-05 1.54094e-05 2.91038e-06 1.57250e-06 3.99474e-05
1.11588e+02 2.31826e-05 1.79758e-05 3.90984e-06 1.69210e-06 4.67604e-05
1.00000e+02 2.67567e-05 2.07550e-05 5.15165e-06 1.79427e-06 5.44577e-05
8.96151e+01 3.08490e-05 2.37174e-05 6.61601e-06 1.87664e-06 6.30590e-05
8.03086e+01 3.55487e-05 2.68302e-05 8.34546e-06 1.93799e-06 7.26624e-05
7.19686e+01 4.09670e-05 3.00597e-05 1.03648e-05 1.97813e-06 8.33697e-05
6.44947e+01 4.72407e-05 3.33728e-05 1.27034e-05 1.99779e-06 9.53147e-05
5.77969e+01 5.45358e-05 3.67393e-05 1.53956e-05 1.99840e-06 1.08669e-04
5.17947e+01 6.30530e-05 4.01329e-05 1.84831e-05 1.98188e-06 1.23651e-04
4.64159e+01 7.30325e-05 4.35323e-05 2.20171e-05 1.95060e-06 1.40533e-04
4.15956e+01 8.47601e-05 4.69211e-05 2.60602e-05 1.90667e-06 1.59648e-04
3.72759e+01 9.85745e-05 5.02886e-05 3.06883e-05 1.85255e-06 1.81404e-04
3.34048e+01 1.14876e-04 5.36292e-05 3.59937e-05 1.79048e-06 2.06289e-04
2.99358e+01 1.34137e-04 5.71917e-05 4.20879e-05 1.72254e-06 2.35139e-04
2.68270e+01 1.56914e-04 6.06601e-05 4.91021e-05 1.65037e-06 2.68326e-04
2.40410e+01 1.83861e-04 6.43624e-05 5.74155e-05 1.57606e-06 3.07215e-04
2.15443e+01 2.15750e-04 6.73217e-05 6.65697e-05 1.50055e-06 3.51142e-04
1.93070e+01 2.53487e-04 7.06761e-05 7.76467e-05 1.42508e-06 4.03235e-04
1.73020e+01 2.98140e-04 7.41693e-05 8.98926e-05 1.35053e-06 4.63553e-04
1.55052e+01 3.50967e-04 7.74857e-05 1.05072e-04 1.27755e-06 5.34803e-04
1.38950e+01 4.13449e-04 8.08554e-05 1.21821e-04 1.20667e-06 6.17332e-04
1.24520e+01 4.87328e-04 8.42984e-05 1.42317e-04 1.14056e-06 7.15084e-04
1.11588e+01 5.74660e-04 8.78328e-05 1.65768e-04 1.07277e-06 8.29333e-04
1.00000e+01 6.77864e-04 9.14806e-05 1.93210e-04 1.01041e-06 9.63566e-04
